0 0 31 0
31 0 31 20
31 20 0 20
0 20 0 0
17 5 26 5
26 5 26 14
26 14 17 14
17 14 17 5
10 5 14 5
14 5 14 14
14 14 10 14
10 14 10 5
5 5 5 14
3 0 3 3
6 0 6 3
9 0 9 3
12 0 12 3
15 0 15 3
22 0 22 3
25 0 25 3
28 0 28 3
3 3 5.25 3
6.75 3 9 3
9 3 11.25 3
12.75 3 15 3
16 3 22 3
22 3 24.25 3
25.75 3 28 3
28 3 31 3
28 6 31 6
28 9 31 9
28 12 31 12
28 15 31 15
28 18 31 18
28 3.75 28 6
28 6 28 8.25
28 9.75 28 12
28 12 28 14.25
28 15.75 28 18
0 1 3 1 
0 4 3 4
0 7 3 7 
0 10 3 10
0 13 3 13
0 16 3 16
3 3 3 3.25
3 4 3 6.25
3 7.75 3 10
3 10 3 12.25
3 13.75 3 16
6 20 6 16
19 20 19 16
25 20 25 16
15 19 28 19
28 19 28 18
3 16 5.25 16
7 16 13 16
14 26 24.25 16
25.75 16 28 16
